Bilineal Timer,Bilineal Timer Mean,Bilineal Timer Std,Splines Timer,Splines Timer Mean,Splines Timer Std,bloques,ecm,k,kNN Timer,kNN Timer Mean,kNN Timer Std,method,name
,,,"1939868.0, 1939076.0, 1945366.0, 1938793.0, 1939289.0, 1940198.0, 1939425.0, 1938956.0, 1939991.0, 1940334.0",1940129.6,1817.442334711063,12,0,1,,,,splines,mountain
,,,"1844831.0, 1864404.0, 1848317.0, 1844545.0, 1844136.0, 1843926.0, 1843849.0, 1845034.0, 1840916.0, 1845678.0",1846563.6,6194.106153433278,16,0,1,,,,splines,mountain
,,,"3836519.0, 3827259.0, 3830966.0, 3835372.0, 3833187.0, 3833732.0, 3821974.0, 3822980.0, 3825743.0, 3835698.0",3830343.0,5167.171508668935,4,0,1,,,,splines,mountain
,,,"2311201.0, 2310899.0, 2310468.0, 2310977.0, 2310045.0, 2311866.0, 2314960.0, 2311552.0, 2311421.0, 2318136.0",2312152.5,2362.1942024312903,8,0,1,,,,splines,mountain
,,,"2765337.0, 2766335.0, 2764814.0, 2767296.0, 2765853.0, 2764745.0, 2765077.0, 2764378.0, 2764733.0, 2764859.0",2765342.7,854.6455464109083,12,0,2,,,,splines,mountain
,,,"2642099.0, 2672728.0, 2643092.0, 2646386.0, 2641155.0, 2641377.0, 2640574.0, 2640758.0, 2647133.0, 2643959.0",2645926.1,9194.401540611547,16,0,2,,,,splines,mountain
,,,"5238027.0, 5262691.0, 5272013.0, 5268951.0, 5239545.0, 5234883.0, 5229699.0, 5226767.0, 5231975.0, 5246249.0",5245080.0,15920.951636130298,4,0,2,,,,splines,mountain
,,,"1954913.0, 1956273.0, 1954594.0, 1954265.0, 1956091.0, 1954265.0, 1954767.0, 1954586.0, 1954270.0, 1966109.0",1956013.3,3434.594038601942,12,0,1,,,,splines,pattern1
,,,"1847210.0, 1865112.0, 1846917.0, 1845386.0, 1845050.0, 1845441.0, 1844746.0, 1846254.0, 1850491.0, 1847951.0",1848455.8,5783.32506089706,16,0,1,,,,splines,pattern1
,,,"3905785.0, 3902110.0, 3894451.0, 3900160.0, 3901449.0, 3896896.0, 3895787.0, 3897883.0, 3900194.0, 3900277.0",3899499.2,3167.1305561975178,4,0,1,,,,splines,pattern1
,,,"2309246.0, 2314384.0, 2320261.0, 2324649.0, 2318508.0, 2318476.0, 2318500.0, 2317086.0, 2317144.0, 2316507.0",2317476.1,3752.551170870292,8,0,1,,,,splines,pattern1
,,,"2800856.0, 2804724.0, 2801216.0, 2802347.0, 2801937.0, 2804125.0, 2801864.0, 2810837.0, 2802315.0, 2797418.0",2802763.9,3276.479099582355,12,0,2,,,,splines,pattern1
,,,"2649211.0, 2677191.0, 2647084.0, 2648318.0, 2648457.0, 2647677.0, 2650147.0, 2647003.0, 2642934.0, 2649508.0",2650753.0,9014.356926592156,16,0,2,,,,splines,pattern1
,,,"4935197.0, 4932163.0, 4932877.0, 4937489.0, 4931539.0, 4931270.0, 4930940.0, 4934259.0, 4929873.0, 4926257.0",4932186.4,2920.2133209750277,4,0,2,,,,splines,pattern1
,,,"1959901.0, 1959227.0, 1959499.0, 1960296.0, 1959459.0, 1959239.0, 1959137.0, 1960649.0, 1959740.0, 1971316.0",1960846.3,3520.524649821387,12,0,1,,,,splines,pattern2
,,,"1860009.0, 1880879.0, 1858994.0, 1858903.0, 1860507.0, 1859251.0, 1858982.0, 1858105.0, 1857751.0, 1858022.0",1861140.3,6629.94125237924,16,0,1,,,,splines,pattern2
,,,"3813798.0, 3807151.0, 3809408.0, 3817102.0, 3807172.0, 3807034.0, 3805045.0, 3803176.0, 3803937.0, 3811511.0",3808533.4,4228.216508174575,4,0,1,,,,splines,pattern2
,,,"2321705.0, 2317776.0, 2330169.0, 2315140.0, 2311636.0, 2320169.0, 2322528.0, 2322243.0, 2318263.0, 2321359.0",2320098.8,4701.645324777274,8,0,1,,,,splines,pattern2
,,,"2769557.0, 2764352.0, 2766430.0, 2765512.0, 2769005.0, 2767882.0, 2767687.0, 2767310.0, 2769391.0, 2778622.0",2768574.8,3707.3309752435107,12,0,2,,,,splines,pattern2
,,,"2662809.0, 2696414.0, 2659646.0, 2659319.0, 2659996.0, 2659432.0, 2660053.0, 2660512.0, 2655830.0, 2660862.0",2663487.3,11097.593784690445,16,0,2,,,,splines,pattern2
,,,"5226990.0, 5251310.0, 5254325.0, 5260477.0, 5228220.0, 5220275.0, 5216866.0, 5215873.0, 5215340.0, 5218270.0",5230794.6,16732.429806815268,4,0,2,,,,splines,pattern2
,,,"1969071.0, 1968150.0, 1968588.0, 1968610.0, 1968594.0, 1969031.0, 1969105.0, 1968124.0, 1969465.0, 1972403.0",1969114.1,1168.7612630473343,12,0,1,,,,splines,nic-cage
,,,"1844721.0, 1878547.0, 1844473.0, 1843000.0, 1845083.0, 1850381.0, 1843612.0, 1846355.0, 1843076.0, 1847846.0",1848709.4,10181.779836551172,16,0,1,,,,splines,nic-cage
,,,"3757860.0, 3770808.0, 3772597.0, 3760503.0, 3767926.0, 3769290.0, 3772262.0, 3783226.0, 3766959.0, 3774260.0",3769569.1,6748.019790279219,4,0,1,,,,splines,nic-cage
,,,"2322882.0, 2323596.0, 2323025.0, 2324855.0, 2322889.0, 2323703.0, 2321698.0, 2323056.0, 2323706.0, 2324403.0",2323381.3,838.3679442822227,8,0,1,,,,splines,nic-cage
,,,"2774830.0, 2773160.0, 2771714.0, 2771007.0, 2774688.0, 2768650.0, 2774222.0, 2775225.0, 2774627.0, 2785538.0",2774366.1,4223.770577339636,12,0,2,,,,splines,nic-cage
,,,"2641731.0, 2674303.0, 2641329.0, 2642278.0, 2643070.0, 2642559.0, 2641533.0, 2641968.0, 2640541.0, 2641931.0",2645124.3,9748.236384597987,16,0,2,,,,splines,nic-cage
,,,"4921477.0, 4922890.0, 4913457.0, 4915235.0, 4908713.0, 4917540.0, 4921260.0, 4917667.0, 4913811.0, 4922731.0",4917478.1,4457.470660587684,4,0,2,,,,splines,nic-cage
,,,"3261670.0, 3260408.0, 3262628.0, 3262708.0, 3262991.0, 3264301.0, 3264334.0, 3284925.0, 3274325.0, 3270115.0",3266840.5,7240.672085518028,8,0,2,,,,splines,mountain
,,,"5269069.0, 5266831.0, 5267851.0, 5269971.0, 5258701.0, 5257741.0, 5270273.0, 5251502.0, 5253232.0, 5259279.0",5262445.0,6790.1015750870765,8,0,4,,,,splines,mountain
,,,"3260834.0, 3252748.0, 3260231.0, 3260994.0, 3260761.0, 3256227.0, 3260346.0, 3282003.0, 3264111.0, 3270409.0",3262866.4,7723.211407180305,8,0,2,,,,splines,nic-cage
,,,"5244513.0, 5238827.0, 5244535.0, 5240748.0, 5241825.0, 5242559.0, 5242688.0, 5243995.0, 5229123.0, 5231410.0",5240022.3,5177.11848521936,8,0,4,,,,splines,nic-cage
,,,"3312304.0, 3311077.0, 3308469.0, 3311693.0, 3308385.0, 3312597.0, 3310389.0, 3329682.0, 3318915.0, 3320604.0",3314411.5,6370.811192462072,8,0,2,,,,splines,pattern1
,,,"5267875.0, 5266166.0, 5268964.0, 5266911.0, 5267280.0, 5267108.0, 5266281.0, 5242087.0, 5249905.0, 5251721.0",5261429.8,9176.091638600827,8,0,4,,,,splines,pattern1
,,,"3281441.0, 3279544.0, 3280941.0, 3283799.0, 3281360.0, 3282619.0, 3282176.0, 3278808.0, 3262683.0, 3263132.0",3277650.3,7494.4240078874645,8,0,2,,,,splines,pattern2
,,,"3675440.0, 3676141.0, 3680174.0, 3676625.0, 3675356.0, 3675933.0, 3677763.0, 3675534.0, 3675609.0, 3677424.0",3676599.9,1430.8315379526691,12,0,3,,,,splines,mountain
,,,"3539284.0, 3607142.0, 3563784.0, 3549396.0, 3538569.0, 3538734.0, 3539562.0, 3541048.0, 3544033.0, 3553470.0",3551502.2,20105.1359050368,16,0,3,,,,splines,mountain
,,,"6196821.0, 6241534.0, 6239333.0, 6198133.0, 6240478.0, 6242962.0, 6242007.0, 6244115.0, 6242102.0, 6244248.0",6233173.3,17906.586933583967,4,0,3,,,,splines,mountain
,,,"4285139.0, 4282357.0, 4284658.0, 4283948.0, 4282601.0, 4283200.0, 4268453.0, 4276340.0, 4295190.0, 4286204.0",4282809.0,6506.176711402788,8,0,3,,,,splines,mountain
,,,"4643178.0, 4646789.0, 4643940.0, 4645096.0, 4643609.0, 4644103.0, 4642928.0, 4651752.0, 4641195.0, 4660270.0",4646286.0,5398.038199197927,12,0,4,,,,splines,mountain
,,,"4445790.0, 4533074.0, 4449597.0, 4445227.0, 4445734.0, 4446734.0, 4445480.0, 4456403.0, 4444863.0, 4448364.0",4456126.6,25857.232691067307,16,0,4,,,,splines,mountain
,,,"7852347.0, 7825168.0, 7830965.0, 7844449.0, 7826045.0, 7831701.0, 7825519.0, 7833164.0, 7830369.0, 7846329.0",7834605.6,9141.794300901765,4,0,4,,,,splines,mountain
,,,"3688475.0, 3687835.0, 3689266.0, 3687655.0, 3687869.0, 3687796.0, 3690112.0, 3688256.0, 3688023.0, 3691981.0",3688726.8,1308.663272198009,12,0,3,,,,splines,nic-cage
,,,"3520850.0, 3555600.0, 3521852.0, 3521304.0, 3524470.0, 3521753.0, 3520493.0, 3526760.0, 3514519.0, 3521032.0",3524863.3,10662.067783033459,16,0,3,,,,splines,nic-cage
,,,"6570398.0, 6561436.0, 6561844.0, 6570201.0, 6566687.0, 6555866.0, 6554247.0, 6561634.0, 6560236.0, 6564996.0",6562754.5,5141.567236747955,4,0,3,,,,splines,nic-cage
,,,"4298678.0, 4294795.0, 4295573.0, 4297973.0, 4295468.0, 4297236.0, 4296565.0, 4295088.0, 4296794.0, 4302238.0",4297040.8,2106.439878088145,8,0,3,,,,splines,nic-cage
,,,"4903704.0, 4905780.0, 4908215.0, 4907799.0, 4907157.0, 4907618.0, 4908253.0, 4912423.0, 4906660.0, 4910113.0",4907772.2,2229.2508517436977,12,0,4,,,,splines,nic-cage
,,,"4438564.0, 4538654.0, 4407929.0, 4395813.0, 4396179.0, 4396558.0, 4395135.0, 4434972.0, 4433700.0, 4446025.0",4428352.9,41570.17136950484,16,0,4,,,,splines,nic-cage
,,,"7601782.0, 7646319.0, 7596357.0, 7604775.0, 7606202.0, 7595092.0, 7594943.0, 7595289.0, 7595671.0, 7596985.0",7603341.5,14870.07612791542,4,0,4,,,,splines,nic-cage
,,,"3688919.0, 3685906.0, 3686754.0, 3686622.0, 3686982.0, 3690490.0, 3687805.0, 3687349.0, 3687946.0, 3689705.0",3687847.8,1380.483234233578,12,0,3,,,,splines,pattern1
,,,"3513954.0, 3546008.0, 3516454.0, 3513767.0, 3513904.0, 3513204.0, 3512019.0, 3513420.0, 3526766.0, 3517946.0",3518744.2,9944.65441129052,16,0,3,,,,splines,pattern1
,,,"6579507.0, 6608364.0, 6638507.0, 6612820.0, 6585706.0, 6595307.0, 6576892.0, 6575691.0, 6594204.0, 6596886.0",6596388.4,18442.247396670504,4,0,3,,,,splines,pattern1
,,,"4195875.0, 4188608.0, 4197318.0, 4190726.0, 4192559.0, 4198671.0, 4190173.0, 4190686.0, 4194412.0, 4186978.0",4192600.6,3656.990024596731,8,0,3,,,,splines,pattern1
,,,"4662555.0, 4661880.0, 4662144.0, 4658813.0, 4659877.0, 4660378.0, 4661596.0, 4663081.0, 4671572.0, 4673338.0",4663523.4,4646.890061105384,12,0,4,,,,splines,pattern1
,,,"4422661.0, 4512043.0, 4422734.0, 4423486.0, 4422257.0, 4422543.0, 4422665.0, 4425343.0, 4420657.0, 4433262.0",4432765.1,26632.06151783973,16,0,4,,,,splines,pattern1
,,,"7800146.0, 7737229.0, 7734202.0, 7794912.0, 7734657.0, 7734833.0, 7741976.0, 7742928.0, 7748632.0, 7737097.0",7750661.2,23849.97815848056,4,0,4,,,,splines,pattern1
,,,"3675683.0, 3660010.0, 3674898.0, 3676200.0, 3674705.0, 3674377.0, 3674892.0, 3680865.0, 3674798.0, 3674265.0",3674069.3,5034.094159826572,12,0,3,,,,splines,pattern2
,,,"3535585.0, 3581643.0, 3537838.0, 3541239.0, 3534337.0, 3535089.0, 3534821.0, 3539035.0, 3533848.0, 3537218.0",3541065.3,13704.086186608722,16,0,3,,,,splines,pattern2
,,,"6168590.0, 6162815.0, 6163762.0, 6174350.0, 6161944.0, 6165030.0, 6159805.0, 6162959.0, 6161352.0, 6164798.0",6164540.5,3979.302910058494,4,0,3,,,,splines,pattern2
,,,"4278193.0, 4283886.0, 4279497.0, 4279162.0, 4277475.0, 4283371.0, 4278791.0, 4280902.0, 4277563.0, 4278292.0",4279713.2,2176.459041654586,8,0,3,,,,splines,pattern2
,,,"4890070.0, 4891667.0, 4889868.0, 4889615.0, 4890628.0, 4890553.0, 4890134.0, 4895586.0, 4891455.0, 4913510.0",4893308.6,6929.933393619306,12,0,4,,,,splines,pattern2
,,,"4466578.0, 4546093.0, 4465314.0, 4467829.0, 4465270.0, 4466677.0, 4465948.0, 4466060.0, 4473664.0, 4469237.0",4475267.0,23728.62886472794,16,0,4,,,,splines,pattern2
,,,"7604065.0, 7589238.0, 7592692.0, 7604518.0, 7604375.0, 7592329.0, 7594087.0, 7593254.0, 7595797.0, 7592637.0",7596299.2,5473.031880046014,4,0,4,,,,splines,pattern2
,,,"5269562.0, 5266609.0, 5270447.0, 5267460.0, 5281485.0, 5251330.0, 5258462.0, 5241958.0, 5255562.0, 5253435.0",5261631.0,10957.868980782714,8,0,4,,,,splines,pattern2
"189314.0, 189971.0, 189342.0, 189281.0, 189604.0, 189323.0, 189979.0, 189241.0, 189614.0, 189329.0",189499.8,266.50808618126393,,,,-1,0,1,,,,bilineal,mountain
"435415.0, 434884.0, 435341.0, 434827.0, 435568.0, 434847.0, 435068.0, 434742.0, 435218.0, 434293.0",435020.3,359.49465920928503,,,,-1,0,2,,,,bilineal,mountain
"839500.0, 839124.0, 839200.0, 838793.0, 838163.0, 837861.0, 838412.0, 839265.0, 839234.0, 839921.0",838947.3,603.1009948590699,,,,-1,0,3,,,,bilineal,mountain
"1295040.0, 1296277.0, 1295990.0, 1296664.0, 1295910.0, 1295071.0, 1305253.0, 1296095.0, 1300657.0, 1295797.0",1297275.4,3056.1398266440624,,,,-1,0,4,,,,bilineal,mountain
"1888952.0, 1886406.0, 1886130.0, 1886329.0, 1940157.0, 1885115.0, 1886261.0, 1885905.0, 1888896.0, 1891709.0",1892586.0,15968.941223512598,,,,-1,0,5,,,,bilineal,mountain
"2773445.0, 2774490.0, 2772897.0, 2773547.0, 2773530.0, 2773121.0, 2776424.0, 2771905.0, 2776073.0, 2781752.0",2774718.4,2691.8048294777986,,,,-1,0,6,,,,bilineal,mountain
"4247325.0, 4043134.0, 4022891.0, 3982774.0, 3918206.0, 3931065.0, 3922817.0, 3936639.0, 3972741.0, 4293082.0",4027067.4,128288.24006369407,,,,-1,0,7,,,,bilineal,mountain
"6071584.0, 6153681.0, 5831529.0, 5888192.0, 5808474.0, 5556406.0, 5608978.0, 5796687.0, 5601506.0, 5731662.0",5804869.9,186376.78034210697,,,,-1,0,8,,,,bilineal,mountain
"188884.0, 189407.0, 189542.0, 188844.0, 189357.0, 189576.0, 189059.0, 189677.0, 189139.0, 189133.0",189261.8,277.46307862488663,,,,-1,0,1,,,,bilineal,nic-cage
"435674.0, 436160.0, 435966.0, 436740.0, 437902.0, 435714.0, 435959.0, 435428.0, 435349.0, 434443.0",435933.5,866.7597417969988,,,,-1,0,2,,,,bilineal,nic-cage
"838657.0, 837689.0, 838109.0, 838531.0, 838387.0, 837553.0, 838105.0, 837567.0, 838022.0, 839687.0",838230.7,607.003467864888,,,,-1,0,3,,,,bilineal,nic-cage
"1296468.0, 1295544.0, 1295440.0, 1295582.0, 1296928.0, 1297326.0, 1296138.0, 1296953.0, 1297763.0, 1294741.0",1296288.3,912.3638583372316,,,,-1,0,4,,,,bilineal,nic-cage
"1887395.0, 1886767.0, 1887337.0, 1853883.0, 1887268.0, 1886002.0, 1886273.0, 1886540.0, 1888227.0, 1890320.0",1884001.2,10106.767255655983,,,,-1,0,5,,,,bilineal,nic-cage
"2800316.0, 2783118.0, 2767464.0, 2793399.0, 2791193.0, 2784195.0, 2786978.0, 2784605.0, 2785939.0, 2831614.0",2790882.1,15770.230730398336,,,,-1,0,6,,,,bilineal,nic-cage
"4100691.0, 4046644.0, 4011664.0, 4056252.0, 4090691.0, 4060776.0, 4069101.0, 4044516.0, 4126650.0, 3785415.0",4039240.0,89988.35894492132,,,,-1,0,7,,,,bilineal,nic-cage
"7277961.0, 7310761.0, 7231848.0, 7304568.0, 7336137.0, 7292083.0, 7275046.0, 7286933.0, 7358592.0, 7582073.0",7325600.2,91582.52345595202,,,,-1,0,9,,,,bilineal,nic-cage
"189713.0, 189590.0, 189517.0, 189440.0, 189706.0, 189553.0, 189944.0, 190051.0, 189681.0, 189636.0",189683.1,178.70111919067548,,,,-1,0,1,,,,bilineal,pattern1
"435413.0, 435673.0, 435899.0, 435846.0, 435452.0, 435781.0, 435736.0, 436136.0, 435311.0, 435118.0",435636.5,292.0949331980957,,,,-1,0,2,,,,bilineal,pattern1
"838701.0, 838818.0, 839321.0, 840256.0, 839691.0, 839270.0, 840049.0, 839823.0, 839566.0, 841470.0",839696.5,755.0726124022775,,,,-1,0,3,,,,bilineal,pattern1
"1294705.0, 1296460.0, 1284980.0, 1296102.0, 1296194.0, 1295574.0, 1295930.0, 1306254.0, 1295867.0, 1296945.0",1295901.1,4790.83352768597,,,,-1,0,4,,,,bilineal,pattern1
"1898343.0, 1895192.0, 1895852.0, 1894173.0, 1898115.0, 1894106.0, 1894536.0, 1893492.0, 1895863.0, 1895260.0",1895493.2,1549.0020529360186,,,,-1,0,5,,,,bilineal,pattern1
"2823980.0, 2819490.0, 2824005.0, 2812677.0, 2817150.0, 2803143.0, 2827390.0, 2815487.0, 2826026.0, 2814372.0",2818372.0,7032.1425753464355,,,,-1,0,6,,,,bilineal,pattern1
"5442638.0, 5471551.0, 5437894.0, 5438513.0, 5416155.0, 5444450.0, 5415877.0, 5418419.0, 5438530.0, 5453865.0",5437789.2,16705.20584608283,,,,-1,0,8,,,,bilineal,pattern1
"7304683.0, 7359236.0, 7298456.0, 7296437.0, 7556905.0, 7339679.0, 7379930.0, 7327460.0, 7380085.0, 7360875.0",7360374.6,72063.736549252,,,,-1,0,9,,,,bilineal,pattern1
"189337.0, 189246.0, 189025.0, 188845.0, 189068.0, 189189.0, 189049.0, 188724.0, 189085.0, 189682.0",189125.0,251.745109187845,,,,-1,0,1,,,,bilineal,pattern2
"436087.0, 435409.0, 436173.0, 435422.0, 435287.0, 435251.0, 435918.0, 435470.0, 435472.0, 435456.0",435594.5,317.53338407165944,,,,-1,0,2,,,,bilineal,pattern2
"838062.0, 837940.0, 837944.0, 837570.0, 838058.0, 837899.0, 837802.0, 837656.0, 837637.0, 840688.0",838125.6,869.824373077692,,,,-1,0,3,,,,bilineal,pattern2
"1295988.0, 1296819.0, 1295728.0, 1296087.0, 1299578.0, 1296531.0, 1297077.0, 1295490.0, 1298163.0, 1296622.0",1296808.3,1174.244271861694,,,,-1,0,4,,,,bilineal,pattern2
"1889666.0, 1888603.0, 1891462.0, 1888800.0, 1890916.0, 1889003.0, 1891079.0, 1889376.0, 1899792.0, 1899576.0",1891827.3,4040.050471219388,,,,-1,0,5,,,,bilineal,pattern2
"2863877.0, 2860229.0, 2826950.0, 2848175.0, 2846232.0, 2840774.0, 2843228.0, 2852237.0, 2856396.0, 2784143.0",2842224.1,21806.936522354532,,,,-1,0,6,,,,bilineal,pattern2
"3960452.0, 3982250.0, 3971074.0, 3952725.0, 3958753.0, 3905043.0, 3929580.0, 3944651.0, 3913168.0, 4445844.0",3996354.0,151616.33037506219,,,,-1,0,7,,,,bilineal,pattern2
"5745487.0, 5820306.0, 5809118.0, 5839087.0, 5795029.0, 5837721.0, 5784733.0, 5787872.0, 5795229.0, 5957531.0",5817211.3,53571.612424958796,,,,-1,0,8,,,,bilineal,pattern2
"7457129.0, 7372495.0, 7422289.0, 7450013.0, 7424295.0, 7454297.0, 7411297.0, 7370978.0, 7452779.0, 7647340.0",7446291.2,73525.91634899902,,,,-1,0,9,,,,bilineal,pattern2
"7174332.0, 7290960.0, 7592235.0, 7776047.0, 7841082.0, 7840189.0, 7693747.0, 7363061.0, 7843904.0, 7929968.0",7634552.5,253952.94349751098,,,,-1,0,9,,,,bilineal,mountain
"5416078.0, 5420285.0, 5509404.0, 5424689.0, 5724653.0, 5652000.0, 5785555.0, 5811896.0, 5427517.0, 5550810.0",5572288.7,150708.39008101044,,,,-1,0,8,,,,bilineal,nic-cage
"4284531.0, 4319918.0, 4294105.0, 4289931.0, 4334181.0, 4331991.0, 4294823.0, 4300541.0, 4329909.0, 4009469.0",4278939.9,91574.3105051302,,,,-1,0,7,,,,bilineal,pattern1
,,,,,,-1,0,1,"378587.0, 378695.0, 379286.0, 378536.0, 379161.0, 378546.0, 379439.0, 378755.0, 378366.0, 379476.0",378884.7,392.5633834172515,knn,mountain
,,,,,,-1,0,2,"938361.0, 936415.0, 937215.0, 937727.0, 936750.0, 936543.0, 937694.0, 937852.0, 937656.0, 936797.0",937301.0,617.5535604301865,knn,mountain
,,,,,,-1,0,3,"1837893.0, 1839265.0, 1839711.0, 1839329.0, 1838353.0, 1838567.0, 1838875.0, 1838304.0, 1839929.0, 1833288.0",1838351.4,1797.185032210095,knn,mountain
,,,,,,-1,0,4,"2899747.0, 2899244.0, 2906189.0, 2898744.0, 2900052.0, 2898112.0, 2899551.0, 2897006.0, 2899035.0, 2902704.0",2900038.4,2479.4713630126885,knn,mountain
,,,,,,-1,0,5,"4305350.0, 4303227.0, 4302525.0, 4303466.0, 4302736.0, 4304917.0, 4302460.0, 4304317.0, 4305116.0, 4303359.0",4303747.3,1039.6753387476303,knn,mountain
,,,,,,-1,0,6,"5855909.0, 5854898.0, 5857020.0, 5854759.0, 5853520.0, 5857598.0, 5852177.0, 5856554.0, 5853180.0, 5854416.0",5855003.1,1671.9083377984573,knn,mountain
,,,,,,-1,0,7,"7747462.0, 7751895.0, 7750721.0, 7750369.0, 7750471.0, 7750596.0, 7753159.0, 7749103.0, 7753142.0, 7764084.0",7752100.2,4314.768100373414,knn,mountain
,,,,,,-1,0,8,"10293970.0, 10290786.0, 10286888.0, 10286575.0, 10287247.0, 10290892.0, 10287942.0, 10285256.0, 10289109.0, 10293289.0",10289195.4,2793.6898253027302,knn,mountain
,,,,,,-1,0,1,"378151.0, 377982.0, 378335.0, 378169.0, 378882.0, 378193.0, 378106.0, 378361.0, 378402.0, 378652.0",378323.3,257.3169446422057,knn,nic-cage
,,,,,,-1,0,2,"941241.0, 941603.0, 941966.0, 941662.0, 941205.0, 941481.0, 941594.0, 941895.0, 941750.0, 941813.0",941621.0,242.362538359376,knn,nic-cage
,,,,,,-1,0,3,"1839249.0, 1840478.0, 1838333.0, 1838238.0, 1839096.0, 1838447.0, 1838277.0, 1839324.0, 1838560.0, 1838374.0",1838837.6,673.534438614686,knn,nic-cage
,,,,,,-1,0,4,"2881231.0, 2885280.0, 2883877.0, 2887897.0, 2880440.0, 2884569.0, 2885495.0, 2882009.0, 2885176.0, 2883542.0",2883951.6,2127.7518746320025,knn,nic-cage
,,,,,,-1,0,5,"4297180.0, 4296045.0, 4294687.0, 4297124.0, 4294477.0, 4294611.0, 4294545.0, 4295703.0, 4294434.0, 4294059.0",4295286.5,1093.8404134059044,knn,nic-cage
,,,,,,-1,0,6,"5853066.0, 5839788.0, 5840947.0, 5843001.0, 5841097.0, 5843532.0, 5841147.0, 5841036.0, 5839101.0, 5839413.0",5842212.8,3859.05920659427,knn,nic-cage
,,,,,,-1,0,7,"7752744.0, 7751368.0, 7755241.0, 7753749.0, 7756449.0, 7750970.0, 7753510.0, 7754793.0, 7751715.0, 7762423.0",7754296.2,3185.0636037605277,knn,nic-cage
,,,,,,-1,0,9,"12828729.0, 12829748.0, 12829291.0, 12827245.0, 12826189.0, 12824060.0, 12842305.0, 12823555.0, 12846850.0, 12823669.0",12830164.1,7591.210673535546,knn,nic-cage
,,,,,,-1,0,1,"378260.0, 378140.0, 379345.0, 378456.0, 379042.0, 378442.0, 378171.0, 379209.0, 378578.0, 379181.0",378682.4,441.40212958253835,knn,pattern1
,,,,,,-1,0,2,"936703.0, 937605.0, 937103.0, 937004.0, 936992.0, 936671.0, 936838.0, 936852.0, 937804.0, 937373.0",937094.5,362.98133560832025,knn,pattern1
,,,,,,-1,0,3,"1838465.0, 1839698.0, 1838463.0, 1838619.0, 1839378.0, 1839192.0, 1839462.0, 1838365.0, 1840770.0, 1835030.0",1838744.2,1422.773334020567,knn,pattern1
,,,,,,-1,0,4,"2883537.0, 2885430.0, 2887843.0, 2886482.0, 2884999.0, 2884623.0, 2885991.0, 2886684.0, 2885661.0, 2886421.0",2885767.1,1146.1259485763333,knn,pattern1
,,,,,,-1,0,5,"4309110.0, 4308160.0, 4310460.0, 4307576.0, 4308636.0, 4310379.0, 4310386.0, 4308231.0, 4307740.0, 4308622.0",4308930.0,1053.8052002149163,knn,pattern1
,,,,,,-1,0,6,"5855804.0, 5857592.0, 5857448.0, 5858258.0, 5856655.0, 5857177.0, 5857717.0, 5855342.0, 5858535.0, 5855854.0",5857038.2,1031.1403202280474,knn,pattern1
,,,,,,-1,0,8,"10282040.0, 10286563.0, 10280094.0, 10279697.0, 10283450.0, 10278441.0, 10278919.0, 10281251.0, 10279635.0, 10282947.0",10281303.7,2371.148542373506,knn,pattern1
,,,,,,-1,0,9,"12849489.0, 12853968.0, 12852162.0, 12851822.0, 12851626.0, 12851283.0, 12851744.0, 12852746.0, 12851262.0, 12851384.0",12851748.6,1086.4699903816947,knn,pattern1
,,,,,,-1,0,1,"377960.0, 378048.0, 378875.0, 378126.0, 378565.0, 378141.0, 377885.0, 378015.0, 378214.0, 379152.0",378298.1,402.7685315413805,knn,pattern2
,,,,,,-1,0,2,"937280.0, 936984.0, 937568.0, 936939.0, 937138.0, 937309.0, 937386.0, 937257.0, 937142.0, 938115.0",937311.8,320.2760684159839,knn,pattern2
,,,,,,-1,0,3,"1838611.0, 1839388.0, 1839656.0, 1839955.0, 1842735.0, 1839543.0, 1840330.0, 1840023.0, 1839052.0, 1838090.0",1839738.3,1186.7882751358813,knn,pattern2
,,,,,,-1,0,4,"2890482.0, 2891217.0, 2889251.0, 2891942.0, 2889277.0, 2890917.0, 2889059.0, 2891158.0, 2888594.0, 2894704.0",2890660.1,1714.146227718044,knn,pattern2
,,,,,,-1,0,5,"4307809.0, 4308570.0, 4307421.0, 4309081.0, 4308451.0, 4308692.0, 4310267.0, 4310120.0, 4307426.0, 4310714.0",4308855.1,1120.9125255790482,knn,pattern2
,,,,,,-1,0,6,"5857406.0, 5856511.0, 5854991.0, 5857408.0, 5857226.0, 5857420.0, 5856053.0, 5859401.0, 5856563.0, 5857640.0",5857061.9,1098.082005134407,knn,pattern2
,,,,,,-1,0,7,"7808126.0, 7805841.0, 7805924.0, 7807762.0, 7808815.0, 7807252.0, 7814423.0, 7805349.0, 7809574.0, 7780247.0",7805331.3,8718.009658746656,knn,pattern2
,,,,,,-1,0,8,"10273419.0, 10272983.0, 10274313.0, 10278300.0, 10275993.0, 10277470.0, 10276352.0, 10283023.0, 10279732.0, 10277101.0",10276868.6,2882.751574451049,knn,pattern2
,,,,,,-1,0,9,"12822699.0, 12821529.0, 12823478.0, 12824640.0, 12825655.0, 12825088.0, 12823410.0, 12821454.0, 12824022.0, 12822678.0",12823465.3,1346.2034801618959,knn,pattern2
,,,,,,-1,0,9,"12870390.0, 12868064.0, 12862805.0, 12865916.0, 12867122.0, 12884631.0, 12864409.0, 12868981.0, 12865171.0, 12870203.0",12868769.2,5789.695394405478,knn,mountain
,,,,,,-1,0,8,"10266069.0, 10267590.0, 10264151.0, 10261057.0, 10265606.0, 10265727.0, 10266053.0, 10266150.0, 10264998.0, 10266609.0",10265401.0,1686.0266901802,knn,nic-cage
,,,,,,-1,0,7,"7763770.0, 7762023.0, 7763849.0, 7764165.0, 7764158.0, 7762024.0, 7763359.0, 7763289.0, 7764650.0, 7790196.0",7766148.3,8058.277632968474,knn,pattern1
