Bilineal Timer,Bilineal Timer Mean,Bilineal Timer Std,Splines Timer,Splines Timer Mean,Splines Timer Std,bloques,ecm,k,kNN Timer,kNN Timer Mean,kNN Timer Std,method,name
,,,"1573222.0, 1577351.0, 1582464.0, 1593543.0, 1585439.0, 1602167.0, 1600012.0, 1609685.0, 1602055.0, 1649198.0",1597513.6,20621.845185142865,12,0,1,,,,splines,mountain
,,,"1553198.0, 1568823.0, 1554326.0, 1552022.0, 1551812.0, 1552736.0, 1552740.0, 1552258.0, 1552229.0, 1552121.0",1554226.5,4914.718267612092,16,0,1,,,,splines,mountain
,,,"2869860.0, 2866852.0, 2866611.0, 2868544.0, 2868503.0, 2870107.0, 2866711.0, 2867539.0, 2875304.0, 2868519.0",2868855.0,2446.973395850474,4,0,1,,,,splines,mountain
,,,"1814305.0, 1813545.0, 1817217.0, 1813655.0, 1811991.0, 1814175.0, 1813590.0, 1825702.0, 1817795.0, 1813016.0",1815499.1,3805.7462724149127,8,0,1,,,,splines,mountain
,,,"2253821.0, 2251442.0, 2251189.0, 2251664.0, 2252929.0, 2253788.0, 2253441.0, 2253962.0, 2253320.0, 2295440.0",2257099.6,12818.349076226626,12,0,2,,,,splines,mountain
,,,"2248322.0, 2279762.0, 2250610.0, 2249262.0, 2246241.0, 2251944.0, 2251195.0, 2249531.0, 2253021.0, 2249971.0",2252985.9,9105.150020180887,16,0,2,,,,splines,mountain
,,,"3879875.0, 3907401.0, 3858610.0, 3866950.0, 3855338.0, 3857513.0, 3857273.0, 3858799.0, 3860923.0, 3857477.0",3866015.9,15408.472665712197,4,0,2,,,,splines,mountain
,,,"2541173.0, 2540754.0, 2544920.0, 2540724.0, 2538711.0, 2541656.0, 2540317.0, 2532442.0, 2572721.0, 2566338.0",2545975.6,12229.386175928863,8,0,2,,,,splines,mountain
,,,"8346099.0, 8314045.0, 8323130.0, 8309793.0, 8309656.0, 8310928.0, 8312693.0, 8342444.0, 8363659.0, 8363650.0",8329609.7,21130.527490103035,8,0,8,,,,splines,nic-cage
,,,"1590250.0, 1595171.0, 1626947.0, 1571732.0, 1569656.0, 1569764.0, 1570308.0, 1570284.0, 1569885.0, 1568967.0",1580296.4,17974.63131861124,12,0,1,,,,splines,pattern1
,,,"1623178.0, 1641346.0, 1616222.0, 1633650.0, 1654279.0, 1659685.0, 1624558.0, 1589972.0, 1620913.0, 1584544.0",1624834.7,23158.08856987122,16,0,1,,,,splines,pattern1
,,,"2862095.0, 2863155.0, 2859927.0, 2859086.0, 2861086.0, 2859948.0, 2861124.0, 2861091.0, 2880415.0, 2864052.0",2863197.9,5913.922699021353,4,0,1,,,,splines,pattern1
,,,"1812613.0, 1813269.0, 1816372.0, 1812680.0, 1812430.0, 1813841.0, 1813814.0, 1814040.0, 1816378.0, 1819729.0",1814516.6,2194.5582790165317,8,0,1,,,,splines,pattern1
,,,"2266800.0, 2260361.0, 2266644.0, 2267869.0, 2266604.0, 2264997.0, 2266443.0, 2267315.0, 2266848.0, 2261720.0",2265560.1,2382.11882365259,12,0,2,,,,splines,pattern1
,,,"2297759.0, 2391645.0, 2314638.0, 2379641.0, 2363792.0, 2342453.0, 2354204.0, 2358980.0, 2307583.0, 2429622.0",2354031.7,38619.0331884422,16,0,2,,,,splines,pattern1
,,,"3871999.0, 3862162.0, 3863070.0, 3871442.0, 3862225.0, 3859953.0, 3862280.0, 3865620.0, 3875183.0, 3868640.0",3866257.4,4943.2042684882035,4,0,2,,,,splines,pattern1
,,,"8327512.0, 8333484.0, 8333875.0, 8324619.0, 8324997.0, 8325917.0, 8359765.0, 8343864.0, 8373751.0, 8340996.0",8338878.0,15585.374496623428,8,0,8,,,,splines,pattern1
,,,"1574194.0, 1574475.0, 1573269.0, 1573487.0, 1573445.0, 1572860.0, 1572823.0, 1573021.0, 1574376.0, 1576103.0",1573805.3,959.0146036427183,12,0,1,,,,splines,pattern2
,,,"1611305.0, 1601022.0, 1584890.0, 1578543.0, 1588013.0, 1600537.0, 1637457.0, 1627440.0, 1605954.0, 1600911.0",1603607.2,17388.733604262274,16,0,1,,,,splines,pattern2
,,,"2864527.0, 2860134.0, 2860738.0, 2862331.0, 2861781.0, 2861649.0, 2861405.0, 2861817.0, 2865202.0, 2864358.0",2862394.2,1624.4259786152154,4,0,1,,,,splines,pattern2
,,,"1919257.0, 1911456.0, 1889774.0, 1910761.0, 1879285.0, 1854890.0, 1845533.0, 1882538.0, 1877491.0, 1853882.0",1882486.7,24544.672081940713,8,0,1,,,,splines,pattern2
,,,"2251841.0, 2257879.0, 2252364.0, 2253732.0, 2253562.0, 2256152.0, 2263550.0, 2253288.0, 2269955.0, 2249864.0",2256218.7,5843.208520153974,12,0,2,,,,splines,pattern2
,,,"2275254.0, 2293289.0, 2266771.0, 2286848.0, 2284190.0, 2250080.0, 2292409.0, 2367943.0, 2362053.0, 2310216.0",2298905.3,36460.03071323446,16,0,2,,,,splines,pattern2
,,,"3876296.0, 3863643.0, 3868268.0, 3885982.0, 3874847.0, 3863432.0, 3866037.0, 3866604.0, 3867052.0, 3860244.0",3869240.5,7283.181094137369,4,0,2,,,,splines,pattern2
,,,"1573081.0, 1571608.0, 1572092.0, 1571708.0, 1572465.0, 1571152.0, 1572851.0, 1572807.0, 1571839.0, 1573021.0",1572262.4,640.8241880578479,12,0,1,,,,splines,nic-cage
,,,"1617053.0, 1684760.0, 1600716.0, 1614349.0, 1617981.0, 1562673.0, 1581162.0, 1556928.0, 1569372.0, 1557790.0",1596278.4,37668.837256278566,16,0,1,,,,splines,nic-cage
,,,"2863394.0, 2861818.0, 2861611.0, 2863720.0, 2866423.0, 2861553.0, 2862720.0, 2862783.0, 2864379.0, 2863492.0",2863189.3,1404.3385667281234,4,0,1,,,,splines,nic-cage
,,,"1818279.0, 1818047.0, 1818866.0, 1817848.0, 1819498.0, 1819384.0, 1818275.0, 1819338.0, 1819420.0, 1820608.0",1818956.3,809.4075672984532,8,0,1,,,,splines,nic-cage
,,,"2253032.0, 2252321.0, 2253337.0, 2253035.0, 2255349.0, 2253355.0, 2251993.0, 2252506.0, 2254913.0, 2254648.0",2253448.9,1088.0777040266933,12,0,2,,,,splines,nic-cage
,,,"2346708.0, 2303706.0, 2251169.0, 2302964.0, 2348748.0, 2249172.0, 2312524.0, 2404133.0, 2374650.0, 2293778.0",2318755.2,47584.41911340307,16,0,2,,,,splines,nic-cage
,,,"3877994.0, 3869497.0, 3864820.0, 3875251.0, 3863910.0, 3867179.0, 3867885.0, 3872103.0, 3873533.0, 3865250.0",3869742.2,4548.454700225122,4,0,2,,,,splines,nic-cage
,,,"6166220.0, 6167227.0, 6172498.0, 6168102.0, 6167147.0, 6168795.0, 6168252.0, 6175480.0, 6213748.0, 6212090.0",6177955.9,17683.29729122937,8,0,6,,,,splines,mountain
,,,"8320636.0, 8314315.0, 8374001.0, 8316000.0, 8312085.0, 8332130.0, 8339820.0, 8351292.0, 8441606.0, 8398759.0",8350064.4,40618.90613298197,8,0,8,,,,splines,mountain
,,,"2535988.0, 2535267.0, 2536905.0, 2536133.0, 2536696.0, 2537422.0, 2537114.0, 2540736.0, 2560735.0, 2560638.0",2541763.4,9561.562698638752,8,0,2,,,,splines,nic-cage
,,,"4198859.0, 4212272.0, 4203820.0, 4206231.0, 4206876.0, 4206625.0, 4204844.0, 4211386.0, 4233119.0, 4233963.0",4211799.5,11435.333342321072,8,0,4,,,,splines,nic-cage
,,,"6585948.0, 6587402.0, 6586454.0, 6585798.0, 6586471.0, 6609960.0, 6586314.0, 6599651.0, 6587150.0, 6597788.0",6591293.6,7893.190105400985,12,0,7,,,,splines,mountain
,,,"6787628.0, 6736682.0, 6578067.0, 6883556.0, 6837886.0, 6821728.0, 6572695.0, 6582892.0, 6702029.0, 6581965.0",6708512.8,115994.61161174686,16,0,7,,,,splines,mountain
,,,"9587022.0, 9582535.0, 9582146.0, 9593192.0, 9576280.0, 9575959.0, 9573210.0, 9583959.0, 9581779.0, 9575795.0",9581187.7,5771.094385816265,4,0,7,,,,splines,mountain
,,,"7243219.0, 7249863.0, 7255263.0, 7261191.0, 7232007.0, 7258564.0, 7256885.0, 7246676.0, 7256503.0, 7268320.0",7252849.1,9753.04274008886,8,0,7,,,,splines,mountain
,,,"7631861.0, 7637481.0, 7675986.0, 7640755.0, 7636208.0, 7638389.0, 7639161.0, 7638758.0, 7633843.0, 7664847.0",7643728.9,13797.126798359142,12,0,8,,,,splines,mountain
,,,"7970750.0, 7770573.0, 7678826.0, 7761696.0, 7966218.0, 7836302.0, 7650637.0, 7645970.0, 8063446.0, 8121924.0",7846634.2,165058.78392669687,16,0,8,,,,splines,mountain
,,,"10936403.0, 10996857.0, 10996708.0, 10937788.0, 10997041.0, 11016135.0, 10998993.0, 11016772.0, 11000758.0, 10992529.0",10988998.4,27079.648048673007,4,0,8,,,,splines,mountain
,,,"6181725.0, 6180883.0, 6205780.0, 6165760.0, 6169766.0, 6169138.0, 6166579.0, 6175387.0, 6210030.0, 6248043.0",6187309.1,25085.22163525768,8,0,6,,,,splines,nic-cage
,,,"6559430.0, 6568580.0, 6557929.0, 6559939.0, 6558466.0, 6557359.0, 6558152.0, 6558780.0, 6560984.0, 6600351.0",6563997.0,12497.507631523975,12,0,7,,,,splines,nic-cage
,,,"6805119.0, 6841700.0, 6621485.0, 6556687.0, 6595088.0, 6579156.0, 6590629.0, 6570327.0, 6617773.0, 6551832.0",6632979.6,97988.11846157674,16,0,7,,,,splines,nic-cage
,,,"9584946.0, 9569876.0, 9568653.0, 9589248.0, 9568105.0, 9565822.0, 9569271.0, 9573690.0, 9583533.0, 9573754.0",9574689.8,7798.620516475975,4,0,7,,,,splines,nic-cage
,,,"7229767.0, 7258852.0, 7279359.0, 7241355.0, 7254523.0, 7245760.0, 7250236.0, 7240640.0, 7241090.0, 7248184.0",7248976.6,12738.649867234753,8,0,7,,,,splines,nic-cage
,,,"7629653.0, 7625971.0, 7645292.0, 7639503.0, 7657769.0, 7656277.0, 7653816.0, 7595789.0, 7638114.0, 7666499.0",7640868.3,19381.724737752316,12,0,8,,,,splines,nic-cage
,,,"7587386.0, 7681835.0, 7939621.0, 7678889.0, 7593170.0, 7586701.0, 7606175.0, 7634403.0, 7605522.0, 7639663.0",7655336.5,100423.87726457289,16,0,8,,,,splines,nic-cage
,,,"11012578.0, 10999897.0, 11001093.0, 11012708.0, 10998141.0, 10998778.0, 11003863.0, 11015557.0, 11005851.0, 10997488.0",11004595.4,6420.000953270957,4,0,8,,,,splines,nic-cage
,,,"6185228.0, 6187433.0, 6210601.0, 6209031.0, 6181374.0, 6189313.0, 6174166.0, 6171210.0, 6195887.0, 6203286.0",6190752.9,13038.81557849485,8,0,6,,,,splines,pattern1
,,,"6883463.0, 6894950.0, 6625127.0, 6716446.0, 6674745.0, 6815943.0, 6831119.0, 6665550.0, 6711591.0, 6770706.0",6758964.0,89647.2852940902,12,0,7,,,,splines,pattern1
,,,"6571954.0, 6546773.0, 6568372.0, 6563435.0, 6583197.0, 6723265.0, 6774783.0, 6739193.0, 6765486.0, 6750342.0",6658680.0,93226.7771544206,16,0,7,,,,splines,pattern1
,,,"9589327.0, 9579241.0, 9580167.0, 9590567.0, 9578209.0, 9579426.0, 9579850.0, 9582236.0, 9582103.0, 9579267.0",9582039.3,4137.513674901873,4,0,7,,,,splines,pattern1
,,,"7247239.0, 7250247.0, 7262583.0, 7258523.0, 7249415.0, 7251511.0, 7266979.0, 7248646.0, 7249376.0, 7270206.0",7255472.5,8003.698523182891,8,0,7,,,,splines,pattern1
,,,"7805481.0, 7928879.0, 8127178.0, 8024526.0, 7874543.0, 7805810.0, 7805172.0, 7943756.0, 7855321.0, 8067404.0",7923807.0,110301.28657363883,12,0,8,,,,splines,pattern1
,,,"8130591.0, 7715183.0, 7589125.0, 7624536.0, 7612525.0, 7600295.0, 7604989.0, 7638253.0, 7629216.0, 7635868.0",7678058.1,154391.96118804245,16,0,8,,,,splines,pattern1
,,,"10949861.0, 10931769.0, 10932834.0, 10949895.0, 10929556.0, 10936159.0, 10924251.0, 10926244.0, 10928196.0, 10923061.0",10933182.6,9147.86820193645,4,0,8,,,,splines,pattern1
,,,"6212280.0, 6199124.0, 6229603.0, 6224707.0, 6207259.0, 6232459.0, 6210386.0, 6224921.0, 6253993.0, 6235544.0",6223027.6,15327.950288280555,8,0,6,,,,splines,pattern2
,,,"6590408.0, 6574851.0, 6646976.0, 6607025.0, 6950154.0, 6788091.0, 6807444.0, 6795865.0, 6887944.0, 6830691.0",6747944.9,126339.17978240162,12,0,7,,,,splines,pattern2
,,,"6576232.0, 6661415.0, 6577990.0, 6534342.0, 6509463.0, 6518471.0, 6508014.0, 6599849.0, 6575739.0, 6499337.0",6556085.2,48861.07389282393,16,0,7,,,,splines,pattern2
,,,"9590307.0, 9579974.0, 9577504.0, 9591065.0, 9574767.0, 9577245.0, 9577031.0, 9585296.0, 9575322.0, 9574904.0",9580341.5,5944.936791085335,4,0,7,,,,splines,pattern2
,,,"7245056.0, 7230731.0, 7238603.0, 7238445.0, 7234301.0, 7238375.0, 7237847.0, 7242305.0, 7251258.0, 7236967.0",7239388.8,5414.063073145712,8,0,7,,,,splines,pattern2
,,,"7650390.0, 7804372.0, 7642687.0, 7642680.0, 7647691.0, 7731699.0, 7653765.0, 7644428.0, 7650152.0, 7643601.0",7671146.5,51217.60930236787,12,0,8,,,,splines,pattern2
,,,"7613257.0, 7673153.0, 7600621.0, 7609426.0, 7608497.0, 7631331.0, 7627047.0, 7632061.0, 7666285.0, 7611139.0",7627281.7,23461.649712030056,16,0,8,,,,splines,pattern2
,,,"10975838.0, 10937711.0, 10964923.0, 10981238.0, 10939691.0, 10947330.0, 10937789.0, 10944998.0, 10955731.0, 10935407.0",10952065.6,15836.022923701517,4,0,8,,,,splines,pattern2
,,,"8329149.0, 8332091.0, 8339981.0, 8329740.0, 8331310.0, 8364083.0, 8331969.0, 8321535.0, 8385745.0, 8388290.0",8345389.3,23410.698832157916,8,0,8,,,,splines,pattern2
,,,"4267001.0, 4270143.0, 4420144.0, 4322916.0, 4289490.0, 4292103.0, 4264796.0, 4319904.0, 4271690.0, 4253489.0",4297167.6,46511.198765888636,8,0,4,,,,splines,pattern1
,,,"4691455.0, 4690964.0, 4690154.0, 4691792.0, 4689218.0, 4691417.0, 4688398.0, 4691522.0, 4689461.0, 4713709.0",4692809.0,7051.850778341811,12,0,5,,,,splines,pattern1
,,,"4786282.0, 4988827.0, 4848111.0, 4863328.0, 4883488.0, 4775509.0, 4766528.0, 4802808.0, 4834505.0, 4764853.0",4831423.9,65892.73856268231,16,0,5,,,,splines,pattern1
,,,"7136102.0, 7125179.0, 7125601.0, 7136057.0, 7123853.0, 7121911.0, 7127860.0, 7125381.0, 7153039.0, 7120485.0",7129546.8,9300.129190500527,4,0,5,,,,splines,pattern1
,,,"5216184.0, 5218039.0, 5225020.0, 5216318.0, 5223114.0, 5221152.0, 5214836.0, 5222180.0, 5214187.0, 5216213.0",5218724.3,3625.8313543241366,8,0,5,,,,splines,pattern1
,,,"5646573.0, 5641439.0, 5638822.0, 5636789.0, 5637062.0, 5637265.0, 5629496.0, 5625731.0, 5625571.0, 5616206.0",5633495.4,8592.298681959328,12,0,6,,,,splines,pattern1
,,,"5780699.0, 5787000.0, 5747776.0, 5777626.0, 5672326.0, 5694276.0, 5792185.0, 5781993.0, 5676886.0, 5884700.0",5759546.7,61318.40145184804,16,0,6,,,,splines,pattern1
,,,"8343101.0, 8340030.0, 8334761.0, 8338486.0, 8334888.0, 8337793.0, 8339552.0, 8340300.0, 8335484.0, 8379857.0",8342425.2,12731.10077565958,4,0,6,,,,splines,pattern1
,,,"4456166.0, 4341686.0, 4329451.0, 4315760.0, 4402187.0, 4388779.0, 4477492.0, 4548405.0, 4242063.0, 4470260.0",4397224.9,87516.84456200417,8,0,4,,,,splines,pattern2
,,,"4713263.0, 4770941.0, 4709073.0, 4706337.0, 4702185.0, 4704099.0, 4702101.0, 4715102.0, 4751348.0, 4773776.0",4724822.5,27391.641784493313,12,0,5,,,,splines,pattern2
,,,"4678089.0, 4743902.0, 4679959.0, 4689680.0, 4686021.0, 4690795.0, 4796295.0, 4851404.0, 4763166.0, 4763562.0",4734287.3,56272.147906491,16,0,5,,,,splines,pattern2
,,,"7130086.0, 7118787.0, 7117685.0, 7133056.0, 7120590.0, 7120625.0, 7119117.0, 7120588.0, 7125129.0, 7114450.0",7122011.3,5454.696582762417,4,0,5,,,,splines,pattern2
,,,"5210154.0, 5217239.0, 5217360.0, 5225330.0, 5227816.0, 5213855.0, 5221133.0, 5221105.0, 5238509.0, 5210149.0",5220265.0,8247.569120656099,8,0,5,,,,splines,pattern2
,,,"5812831.0, 5776283.0, 5681804.0, 5656674.0, 5698796.0, 5856653.0, 5867109.0, 5769402.0, 5698870.0, 5697007.0",5751542.9,71753.3026395998,12,0,6,,,,splines,pattern2
,,,"5583386.0, 5637088.0, 5585187.0, 5588065.0, 5592768.0, 5585589.0, 5595317.0, 5592075.0, 5602595.0, 5590312.0",5595238.2,14939.788384043464,16,0,6,,,,splines,pattern2
,,,"8333021.0, 8328999.0, 8330538.0, 8335455.0, 8330278.0, 8330481.0, 8328671.0, 8329010.0, 8338641.0, 8331473.0",8331656.7,3043.3527252029135,4,0,6,,,,splines,pattern2
,,,"4672693.0, 4675484.0, 4673181.0, 4678357.0, 4676725.0, 4675586.0, 4673386.0, 4676868.0, 4674250.0, 4686279.0",4676280.9,3753.9239323673037,12,0,5,,,,splines,mountain
,,,"4708323.0, 4718512.0, 4618108.0, 4598616.0, 4600377.0, 4608757.0, 4620288.0, 4641610.0, 4716510.0, 4640518.0",4647161.9,46154.570871041586,16,0,5,,,,splines,mountain
,,,"7150365.0, 7153594.0, 7154606.0, 7151906.0, 7135236.0, 7134677.0, 7131915.0, 7144020.0, 7143872.0, 7139672.0",7143986.3,7975.398887203072,4,0,5,,,,splines,mountain
,,,"5216908.0, 5218499.0, 5221687.0, 5220924.0, 5216211.0, 5216503.0, 5219128.0, 5229737.0, 5222645.0, 5216808.0",5219905.0,3933.9920182938854,8,0,5,,,,splines,mountain
,,,"5607126.0, 5605851.0, 5608122.0, 5609051.0, 5611295.0, 5607968.0, 5610700.0, 5609995.0, 5608931.0, 5638572.0",5611761.1,9070.19762133108,12,0,6,,,,splines,mountain
,,,"5619558.0, 5714190.0, 5568687.0, 5612323.0, 5592433.0, 5607765.0, 5646253.0, 5624671.0, 5654488.0, 5590457.0",5623082.5,38925.28440037401,16,0,6,,,,splines,mountain
,,,"8350922.0, 8345796.0, 8347171.0, 8351809.0, 8345529.0, 8345789.0, 8343946.0, 8345001.0, 8349568.0, 8342273.0",8346780.4,2922.2869879599434,4,0,6,,,,splines,mountain
,,,"4694754.0, 4694700.0, 4693919.0, 4692986.0, 4693891.0, 4715037.0, 4703536.0, 4694796.0, 4691903.0, 4702364.0",4697788.6,6834.094236985616,12,0,5,,,,splines,nic-cage
,,,"4713106.0, 4966292.0, 4951746.0, 4764769.0, 4795914.0, 4737181.0, 4751882.0, 4710769.0, 4653046.0, 4652735.0",4769744.0,103846.18760455292,16,0,5,,,,splines,nic-cage
,,,"7134750.0, 7132897.0, 7132810.0, 7134738.0, 7127236.0, 7129552.0, 7127957.0, 7128076.0, 7131399.0, 7126570.0",7130598.5,2952.2187673002827,4,0,5,,,,splines,nic-cage
,,,"5220134.0, 5218288.0, 5243858.0, 5221980.0, 5224703.0, 5224142.0, 5218816.0, 5225700.0, 5220399.0, 5221237.0",5223925.7,7048.53075541279,8,0,5,,,,splines,nic-cage
,,,"5603570.0, 5606990.0, 5605764.0, 5604958.0, 5606843.0, 5605210.0, 5607399.0, 5607899.0, 5606541.0, 5629321.0",5608449.5,7064.600699968824,12,0,6,,,,splines,nic-cage
,,,"5800455.0, 5755157.0, 5685762.0, 5731528.0, 5732424.0, 5691193.0, 5742142.0, 5735415.0, 5816667.0, 5890023.0",5758076.6,58719.92954559806,16,0,6,,,,splines,nic-cage
,,,"8339413.0, 8330331.0, 8330877.0, 8344426.0, 8330247.0, 8331465.0, 8332258.0, 8333224.0, 8336082.0, 8335325.0",8334364.8,4360.324157674519,4,0,6,,,,splines,nic-cage
,,,"3029271.0, 3029930.0, 3028239.0, 3031300.0, 3028021.0, 3027823.0, 3029439.0, 3029697.0, 3070877.0, 3000427.0",3030502.4,15991.738999871151,12,0,3,,,,splines,mountain
,,,"3043421.0, 3071703.0, 3106005.0, 3106637.0, 3062853.0, 2987711.0, 2987756.0, 2985566.0, 2987610.0, 2989339.0",3032860.1,48543.06909013891,16,0,3,,,,splines,mountain
,,,"4889991.0, 4884419.0, 4888233.0, 4907044.0, 4964744.0, 4916488.0, 4909433.0, 4913568.0, 4987779.0, 4874034.0",4913573.3,34358.08627979737,4,0,3,,,,splines,mountain
,,,"3340628.0, 3352897.0, 3361235.0, 3354691.0, 3342594.0, 3346223.0, 3344809.0, 3344637.0, 3341901.0, 3344566.0",3347418.1,6306.66785949601,8,0,3,,,,splines,mountain
,,,"3832007.0, 3843140.0, 3837694.0, 3840104.0, 3839331.0, 3838752.0, 3837779.0, 3840344.0, 3840020.0, 3826332.0",3837550.3,4614.506106833103,12,0,4,,,,splines,mountain
,,,"3895989.0, 3931552.0, 3869780.0, 3842692.0, 4118204.0, 3998838.0, 4114891.0, 3917858.0, 4231240.0, 4008255.0",3992929.9,120069.76200480288,16,0,4,,,,splines,mountain
,,,"5971280.0, 5977449.0, 5968529.0, 6040490.0, 6055971.0, 6075754.0, 6260341.0, 6256809.0, 6363727.0, 6058801.0",6102915.1,132816.67068214744,4,0,4,,,,splines,mountain
,,,"4200619.0, 4196616.0, 4202054.0, 4210902.0, 4204405.0, 4212513.0, 4224313.0, 4221875.0, 4246974.0, 4235219.0",4215549.0,15523.351931847708,8,0,4,,,,splines,mountain
,,,"3140981.0, 3141725.0, 3139892.0, 3140119.0, 3139759.0, 3138114.0, 3139604.0, 3137846.0, 3141911.0, 3147467.0",3140741.8,2574.5049543553027,12,0,3,,,,splines,nic-cage
,,,"3069145.0, 3120565.0, 3136433.0, 3040279.0, 3045983.0, 3042309.0, 3045376.0, 3100598.0, 3049454.0, 3067406.0",3071754.8,33374.37947228383,16,0,3,,,,splines,nic-cage
,,,"4874600.0, 4868074.0, 4868040.0, 4875039.0, 4885423.0, 4895340.0, 4873466.0, 4871840.0, 4882611.0, 4866252.0",4876068.5,8685.066404466923,4,0,3,,,,splines,nic-cage
,,,"3347407.0, 3345036.0, 3353834.0, 3345042.0, 3345090.0, 3343315.0, 3343295.0, 3334718.0, 3354475.0, 3341070.0",3345328.2,5472.234567340841,8,0,3,,,,splines,nic-cage
,,,"3842170.0, 3855683.0, 3838223.0, 3844891.0, 3839287.0, 3837336.0, 3835105.0, 3839708.0, 3839404.0, 3830857.0",3840266.4,6266.071563587508,12,0,4,,,,splines,nic-cage
,,,"4332870.0, 4249370.0, 4115094.0, 4321678.0, 4405190.0, 4304808.0, 4238879.0, 4353641.0, 4006540.0, 4015495.0",4234356.5,134155.26844239104,16,0,4,,,,splines,nic-cage
,,,"5976893.0, 5968065.0, 5969640.0, 5976872.0, 5967840.0, 5966722.0, 5967843.0, 5969808.0, 5972819.0, 5970374.0",5970687.6,3493.8625387957095,4,0,4,,,,splines,nic-cage
,,,"2538218.0, 2538771.0, 2541935.0, 2538878.0, 2537500.0, 2521803.0, 2542354.0, 2541739.0, 2556728.0, 2562167.0",2542009.3,10423.359957806313,8,0,2,,,,splines,pattern1
,,,"3031980.0, 3027817.0, 3032315.0, 3031950.0, 3031671.0, 3036055.0, 3040433.0, 3064371.0, 3032400.0, 3035841.0",3036483.3,9833.928523738618,12,0,3,,,,splines,pattern1
,,,"2983505.0, 3157359.0, 3060700.0, 3146578.0, 3092989.0, 3180505.0, 3050913.0, 3069291.0, 2985102.0, 3020201.0",3074714.3,66055.80212676249,16,0,3,,,,splines,pattern1
,,,"4919623.0, 4916952.0, 4917362.0, 4920656.0, 4918090.0, 4928884.0, 4928133.0, 4919702.0, 4931469.0, 4917234.0",4921810.5,5215.740374098388,4,0,3,,,,splines,pattern1
,,,"3340045.0, 3337514.0, 3344158.0, 3339106.0, 3347073.0, 3345708.0, 3341895.0, 3342332.0, 3341822.0, 3338564.0",3341821.7,2968.234055798161,8,0,3,,,,splines,pattern1
,,,"3833844.0, 3834782.0, 3829878.0, 3841422.0, 3835652.0, 3833214.0, 3835132.0, 3835309.0, 3835328.0, 3847784.0",3836234.5,4699.861386253854,12,0,4,,,,splines,pattern1
,,,"3996164.0, 3976322.0, 3901583.0, 3867918.0, 3953068.0, 3976784.0, 3940446.0, 4044040.0, 3874532.0, 4039335.0",3957019.2,58949.71463170963,16,0,4,,,,splines,pattern1
,,,"6008612.0, 6004865.0, 5996604.0, 6012267.0, 5998069.0, 5989324.0, 5995058.0, 5994103.0, 6025336.0, 6003738.0",6002797.6,10071.596032407178,4,0,4,,,,splines,pattern1
,,,"2592074.0, 2604711.0, 2726157.0, 2671916.0, 2546778.0, 2546060.0, 2543255.0, 2552525.0, 2575449.0, 2624577.0",2598350.2,57937.942978328116,8,0,2,,,,splines,pattern2
,,,"3028184.0, 3027076.0, 3024018.0, 3023098.0, 3045762.0, 3024312.0, 3029082.0, 3024911.0, 3024912.0, 3030770.0",3028212.5,6303.437748562288,12,0,3,,,,splines,pattern2
,,,"2993645.0, 3066065.0, 3025534.0, 3027707.0, 3069529.0, 3058727.0, 3057845.0, 3029767.0, 3080333.0, 3129929.0",3053908.1,35516.18984758923,16,0,3,,,,splines,pattern2
,,,"4863727.0, 4862968.0, 4862126.0, 4864351.0, 4863720.0, 4861983.0, 4863772.0, 4865155.0, 4864611.0, 4862555.0",4863496.8,1011.7594378111824,4,0,3,,,,splines,pattern2
,,,"3448473.0, 3448929.0, 3450514.0, 3408158.0, 3444309.0, 3409611.0, 3490140.0, 3414637.0, 3377306.0, 3419470.0",3431154.7,29908.128186330887,8,0,3,,,,splines,pattern2
,,,"3837156.0, 3848000.0, 3838012.0, 3849122.0, 3836863.0, 3855773.0, 3836114.0, 3845682.0, 3874875.0, 3830305.0",3845190.2,12272.500444489704,12,0,4,,,,splines,pattern2
,,,"3970688.0, 4041270.0, 3921863.0, 3937196.0, 3933044.0, 3895695.0, 3917730.0, 4015224.0, 3797589.0, 3791708.0",3922200.7,76683.34946134004,16,0,4,,,,splines,pattern2
,,,"5985197.0, 5993678.0, 6005284.0, 5985071.0, 5982859.0, 5970116.0, 5970535.0, 5973485.0, 5976138.0, 5966381.0",5980874.4,11444.376035415824,4,0,4,,,,splines,pattern2
"1273.0, 1140.0, 1296.0, 1017.0, 965.0, 1056.0, 1310.0, 2511.0, 1360.0, 1354.0",1328.2,417.5379743208993,,,,-1,0,1,,,,bilineal,pito
,,,,,,-1,0,3,4397417.0,4397417.0,0.0,knn,pito
